1 2 19
2 3 5
1 4 27
1 6 1
2 6 1
3 6 1
4 6 1
2 7 2
3 7 2
6 7 1
1 8 9
2 8 13
3 8 3
6 8 3
7 8 2
1 9 1
2 9 3
3 9 1
6 9 1
7 9 2
8 9 2
1 11 6
2 11 6
1 12 18
2 12 5
3 12 2
4 12 18
7 12 1
8 12 22
2 13 1
3 13 1
6 13 1
7 13 6
8 13 1
9 13 1
1 14 1
2 14 2
3 14 1
6 14 1
7 14 1
8 14 2
9 14 3
13 14 1
5 15 1
8 15 3
1 17 3
4 17 3
12 17 1
1 18 2
4 18 20
17 18 2
2 19 1
3 19 1
6 19 10
7 19 1
8 19 1
9 19 1
13 19 1
14 19 1
1 20 37
4 20 139
12 20 17
17 20 16
18 20 1
1 21 3
2 21 8
3 21 5
6 21 1
7 21 3
8 21 5
9 21 4
12 21 2
13 21 1
14 21 2
19 21 1
1 23 17
2 23 6
3 23 1
4 23 2
7 23 1
8 23 45
11 23 2
12 23 33
20 23 47
21 23 2
2 24 1
3 24 1
7 24 1
8 24 5
12 24 5
15 24 5
21 24 1
23 24 6
5 25 7
15 25 2
2 26 1
3 26 1
6 26 1
7 26 1
8 26 1
9 26 1
13 26 1
14 26 1
19 26 1
21 26 1
17 27 7
20 27 2
7 28 5
9 28 3
14 28 5
19 28 3
1 29 31
2 29 1
3 29 1
4 29 1
6 29 18
7 29 1
8 29 1
9 29 1
13 29 1
14 29 1
19 29 6
21 29 1
26 29 1
28 29 1
6 30 2
8 30 3
1 32 1
4 32 6
7 32 1
14 32 2
17 32 1
18 32 4
1 33 1
17 33 44
20 33 14
24 33 6
27 33 4
17 36 11
27 36 28
33 36 6
11 37 4
19 37 4
26 37 3
30 37 1
1 38 2
2 38 3
3 38 3
6 38 1
7 38 2
8 38 3
9 38 2
12 38 1
13 38 1
14 38 2
19 38 1
20 38 1
21 38 3
23 38 6
24 38 1
26 38 1
29 38 1
6 39 5
8 39 4
30 39 2
2 40 51
3 40 1
6 40 1
7 40 1
8 40 1
9 40 2
11 40 1
13 40 1
14 40 1
19 40 1
21 40 1
26 40 1
29 40 1
30 40 2
38 40 1
39 40 1
1 41 94
2 41 20
3 41 4
4 41 30
6 41 16
7 41 1
8 41 7
9 41 1
11 41 5
12 41 23
14 41 1
19 41 5
20 41 18
21 41 5
23 41 3
24 41 1
28 41 16
29 41 62
38 41 2
39 41 2
22 42 103
32 42 8
1 43 24
2 43 4
4 43 19
5 43 1
8 43 7
12 43 22
15 43 14
17 43 1
18 43 1
20 43 21
21 43 1
23 43 42
24 43 20
25 43 3
33 43 2
38 43 1
41 43 18
1 44 25
4 44 52
12 44 18
17 44 7
18 44 8
20 44 152
23 44 2
32 44 6
33 44 1
41 44 18
43 44 23
1 45 1
4 45 1
17 45 21
20 45 17
27 45 73
33 45 64
36 45 39
44 45 1
2 46 1
3 46 1
7 46 1
8 46 4
12 46 3
17 46 24
21 46 1
23 46 2
24 46 2
27 46 4
33 46 48
36 46 171
37 46 1
38 46 1
41 46 1
45 46 15
5 47 119
12 47 1
15 47 2
25 47 170
43 47 2
2 48 1
3 48 1
6 48 1
7 48 1
8 48 1
9 48 1
11 48 6
13 48 1
14 48 1
19 48 3
21 48 1
26 48 2
29 48 1
37 48 107
38 48 1
40 48 1
6 49 1
8 49 3
30 49 2
39 49 3
11 50 2
37 50 17
48 50 3
1 51 69
2 51 3
3 51 1
4 51 18
6 51 11
7 51 1
8 51 2
9 51 5
12 51 17
13 51 1
14 51 2
19 51 1
20 51 19
21 51 2
26 51 1
28 51 19
29 51 46
38 51 1
40 51 2
41 51 99
43 51 17
44 51 17
48 51 1
1 52 2
2 52 1
3 52 1
7 52 1
8 52 5
12 52 5
17 52 11
21 52 1
23 52 6
24 52 5
27 52 1
33 52 5
36 52 2
38 52 1
41 52 1
45 52 2
46 52 36
13 53 9
17 53 5
20 53 2
27 53 20
33 53 43
36 53 4
37 53 1
45 53 50
46 53 3
5 54 5
6 54 3
15 54 2
25 54 76
30 54 1
43 54 2
47 54 5
2 55 24
5 55 274
15 55 2
21 55 4
25 55 270
43 55 4
46 55 1
47 55 465
54 55 11
1 56 3
2 56 7
3 56 4
8 56 10
12 56 8
17 56 1
20 56 1
23 56 9
36 56 1
38 56 1
41 56 3
43 56 8
52 56 4
1 57 25
4 57 21
8 57 1
12 57 25
15 57 2
17 57 11
18 57 1
20 57 124
23 57 16
24 57 5
38 57 1
41 57 19
43 57 35
44 57 35
46 57 2
51 57 17
52 57 3
55 57 1
56 57 4
1 58 6
2 58 10
6 58 7
8 58 1
11 58 10
37 58 3
41 58 5
48 58 4
50 58 2
2 59 2
3 59 2
6 59 3
7 59 2
8 59 9
9 59 1
12 59 1
13 59 1
14 59 1
19 59 2
21 59 2
23 59 1
24 59 1
26 59 1
29 59 2
30 59 2
37 59 10
38 59 2
39 59 28
40 59 1
41 59 19
46 59 1
48 59 1
49 59 3
51 59 3
52 59 1
2 60 1
3 60 1
6 60 1
7 60 4
8 60 1
9 60 1
13 60 1
14 60 6
19 60 1
21 60 1
26 60 1
28 60 4
29 60 1
38 60 5
40 60 1
48 60 1
51 60 1
59 60 1
1 61 8
2 61 19
3 61 9
4 61 1
6 61 1
7 61 2
8 61 84
9 61 1
11 61 1
12 61 24
13 61 1
14 61 1
15 61 4
19 61 1
20 61 38
21 61 6
23 61 56
24 61 5
26 61 1
29 61 1
38 61 3
40 61 1
41 61 14
43 61 12
46 61 3
47 61 3
48 61 1
51 61 2
52 61 5
55 61 54
56 61 13
57 61 5
58 61 4
59 61 2
60 61 1
1 62 21
4 62 1
6 62 28
19 62 10
29 62 41
41 62 77
51 62 44
54 62 1
58 62 1
1 63 37
2 63 128
3 63 2
4 63 2
5 63 1
6 63 1
7 63 2
8 63 49
9 63 3
11 63 1
12 63 55
13 63 1
14 63 2
15 63 2
19 63 1
20 63 40
21 63 4
23 63 182
24 63 5
26 63 1
28 63 16
29 63 1
38 63 4
40 63 2
41 63 24
43 63 21
44 63 2
46 63 2
47 63 1
48 63 1
51 63 6
52 63 16
55 63 1
56 63 17
57 63 10
58 63 2
59 63 2
60 63 1
61 63 162
1 64 1
2 64 1
3 64 1
4 64 1
7 64 1
8 64 5
12 64 6
15 64 1
21 64 1
23 64 10
24 64 6
26 64 1
38 64 1
41 64 2
43 64 3
44 64 1
46 64 2
52 64 3
53 64 1
56 64 1
57 64 20
59 64 1
61 64 6
63 64 9
1 65 32
2 65 1
3 65 1
4 65 3
6 65 295
7 65 1
8 65 1
12 65 1
19 65 6
21 65 1
23 65 1
24 65 1
28 65 5
29 65 47
38 65 1
39 65 1
41 65 90
46 65 1
51 65 46
52 65 1
59 65 4
61 65 1
62 65 77
63 65 1
64 65 1
1 66 5
2 66 2
11 66 2
19 66 1
37 66 1
41 66 4
48 66 1
58 66 2
63 66 1
65 66 1
22 67 96
42 67 96
17 68 7
20 68 2
27 68 49
36 68 4
45 68 49
46 68 3
53 68 35
13 69 7
17 69 13
20 69 1
27 69 17
33 69 3
36 69 6
45 69 23
46 69 1
53 69 8
68 69 7
6 70 153
8 70 4
19 70 1
30 70 2
39 70 71
49 70 3
59 70 30
62 70 6
65 70 97
66 70 2
1 71 3
6 71 8
29 71 2
41 71 1
51 71 1
62 71 9
65 71 26
70 71 2
1 72 4
2 72 100
3 72 1
6 72 1
7 72 1
8 72 1
9 72 2
11 72 3
13 72 1
14 72 1
19 72 1
21 72 1
26 72 1
29 72 1
38 72 1
40 72 43
41 72 2
48 72 1
51 72 2
55 72 1
58 72 5
59 72 1
60 72 1
61 72 1
63 72 4
66 72 1
15 73 2
25 73 4
33 73 1
37 73 23
43 73 3
55 73 2
1 74 13
2 74 10
6 74 7
8 74 3
9 74 1
11 74 6
14 74 1
21 74 3
23 74 2
29 74 1
30 74 3
38 74 1
41 74 6
43 74 2
51 74 2
58 74 4
63 74 5
66 74 2
72 74 3
1 75 4
2 75 38
3 75 1
4 75 1
6 75 2
7 75 1
8 75 3
9 75 1
11 75 3
13 75 1
14 75 1
19 75 1
21 75 1
26 75 1
29 75 2
38 75 1
40 75 35
41 75 4
48 75 1
51 75 2
58 75 8
59 75 1
60 75 1
61 75 2
62 75 1
63 75 2
65 75 1
72 75 40
74 75 3
2 76 1
3 76 1
7 76 1
8 76 4
12 76 5
15 76 1
17 76 19
21 76 1
23 76 5
24 76 4
27 76 6
33 76 18
36 76 8
38 76 1
41 76 1
45 76 22
46 76 36
52 76 22
53 76 1
56 76 2
57 76 1
59 76 1
61 76 6
63 76 5
64 76 3
65 76 1
68 76 3
69 76 1
2 77 1
3 77 4
7 77 1
8 77 9
12 77 8
21 77 1
23 77 11
24 77 3
38 77 1
41 77 1
43 77 2
46 77 2
52 77 5
56 77 1
57 77 7
59 77 1
61 77 21
63 77 9
64 77 6
65 77 1
76 77 4
1 78 7
2 78 8
3 78 1
6 78 6
7 78 1
8 78 1
9 78 2
11 78 14
13 78 1
14 78 1
19 78 6
21 78 1
25 78 1
26 78 1
29 78 6
37 78 7
38 78 1
40 78 2
41 78 10
48 78 7
50 78 3
51 78 2
58 78 14
59 78 2
60 78 1
61 78 1
62 78 5
63 78 3
65 78 5
66 78 3
72 78 6
74 78 6
75 78 5
1 79 3
2 79 5
8 79 2
9 79 2
14 79 1
19 79 1
21 79 2
23 79 2
28 79 14
37 79 1
38 79 1
40 79 1
41 79 1
43 79 1
50 79 1
51 79 3
59 79 5
63 79 34
72 79 2
74 79 2
78 79 5
2 80 48
3 80 2
4 80 1
6 80 7
7 80 2
8 80 3
9 80 1
12 80 1
13 80 1
14 80 1
19 80 2
21 80 2
23 80 1
24 80 1
26 80 1
29 80 2
38 80 2
39 80 9
40 80 32
41 80 2
46 80 1
48 80 1
51 80 2
52 80 1
59 80 41
60 80 1
61 80 2
62 80 4
63 80 2
64 80 1
65 80 6
70 80 9
72 80 23
75 80 24
76 80 1
77 80 1
78 80 1
22 81 17
42 81 17
67 81 15
22 82 9
42 82 8
67 82 1
81 82 2
26 83 1
54 83 3
70 83 3
1 84 1
4 84 25
6 84 1
17 84 1
18 84 19
29 84 1
32 84 4
41 84 6
44 84 3
51 84 2
62 84 1
65 84 2
75 84 1
80 84 1
1 85 30
2 85 32
3 85 5
4 85 1
6 85 8
7 85 2
8 85 15
9 85 3
11 85 18
12 85 5
13 85 1
14 85 2
19 85 7
21 85 8
23 85 11
24 85 1
26 85 1
29 85 7
37 85 39
38 85 3
40 85 3
41 85 34
43 85 5
46 85 1
48 85 19
50 85 9
51 85 4
52 85 1
56 85 1
57 85 1
58 85 15
59 85 6
60 85 1
61 85 13
62 85 6
63 85 23
64 85 1
65 85 7
66 85 11
72 85 7
74 85 14
75 85 6
76 85 1
77 85 1
78 85 26
79 85 21
80 85 3
84 85 1
5 86 1
15 86 2
25 86 2
33 86 7
37 86 3
43 86 2
47 86 17
50 86 5
54 86 9
55 86 17
69 86 2
71 86 25
73 86 1
5 87 151
47 87 39
55 87 172
73 87 1
86 87 1
2 88 1
3 88 1
6 88 11
7 88 1
8 88 1
9 88 1
13 88 1
14 88 1
19 88 1
21 88 1
26 88 1
29 88 1
37 88 23
38 88 1
40 88 1
48 88 1
51 88 1
54 88 1
59 88 1
60 88 1
61 88 1
63 88 1
72 88 1
73 88 4
75 88 1
78 88 1
80 88 1
85 88 1
86 88 2
11 89 4
25 89 4
37 89 18
48 89 10
50 89 4
58 89 3
78 89 4
85 89 11
5 90 9
15 90 2
25 90 83
43 90 2
47 90 12
54 90 107
55 90 5
71 90 4
73 90 4
78 90 2
85 90 6
86 90 82
87 90 1
2 91 2
3 91 1
7 91 1
8 91 1
9 91 1
11 91 2
12 91 1
21 91 1
23 91 1
24 91 1
37 91 3
38 91 1
40 91 4
41 91 1
46 91 1
48 91 2
50 91 2
51 91 1
52 91 1
58 91 2
59 91 1
61 91 1
63 91 2
64 91 1
65 91 1
72 91 1
76 91 1
77 91 1
78 91 3
79 91 7
80 91 1
85 91 4
89 91 2
1 92 1
4 92 14
17 92 1
18 92 14
20 92 1
32 92 1
43 92 1
44 92 1
57 92 1
84 92 13
1 93 12
2 93 12
3 93 1
4 93 1
8 93 7
9 93 2
14 93 3
17 93 1
18 93 1
20 93 2
21 93 4
23 93 38
28 93 2
32 93 2
38 93 9
41 93 3
43 93 14
44 93 1
51 93 1
55 93 2
56 93 6
57 93 7
61 93 5
63 93 57
74 93 4
79 93 2
85 93 9
92 93 1
2 94 1
3 94 1
6 94 1
7 94 1
8 94 1
9 94 1
13 94 1
14 94 1
19 94 1
21 94 1
26 94 1
28 94 1
29 94 1
38 94 1
40 94 1
48 94 1
51 94 1
59 94 1
60 94 2
61 94 1
63 94 1
72 94 1
75 94 1
78 94 1
80 94 1
85 94 1
88 94 1
2 95 115
3 95 2
4 95 1
6 95 3
7 95 2
8 95 3
9 95 1
12 95 1
13 95 1
14 95 1
19 95 1
21 95 2
23 95 1
24 95 1
26 95 1
29 95 2
38 95 2
39 95 3
40 95 34
41 95 2
46 95 1
48 95 2
49 95 1
51 95 2
52 95 1
55 95 21
59 95 4
60 95 1
61 95 2
62 95 1
63 95 4
64 95 1
65 95 2
70 95 3
72 95 33
75 95 31
76 95 1
77 95 1
78 95 1
80 95 52
84 95 1
85 95 3
86 95 1
88 95 1
91 95 2
94 95 1
27 96 13
33 96 4
36 96 3
45 96 16
46 96 2
53 96 3
68 96 15
69 96 26
1 97 15
2 97 2
3 97 2
4 97 3
6 97 24
7 97 2
8 97 3
9 97 1
12 97 1
13 97 1
14 97 1
19 97 1
21 97 2
23 97 1
24 97 1
26 97 1
29 97 39
30 97 1
38 97 2
40 97 1
41 97 63
46 97 1
48 97 1
51 97 45
52 97 1
59 97 3
60 97 1
61 97 2
62 97 54
63 97 2
64 97 1
65 97 95
70 97 5
71 97 10
72 97 1
74 97 1
75 97 2
76 97 1
77 97 1
78 97 1
80 97 3
84 97 1
85 97 3
86 97 1
88 97 1
91 97 1
94 97 1
95 97 3
1 98 4
2 98 1
3 98 1
4 98 1
7 98 1
8 98 1
12 98 1
21 98 1
23 98 1
24 98 1
28 98 9
38 98 1
41 98 2
46 98 1
52 98 1
59 98 1
61 98 1
63 98 1
64 98 1
65 98 17
76 98 1
77 98 1
79 98 1
80 98 1
85 98 1
91 98 1
95 98 1
97 98 1
2 99 2
11 99 20
26 99 1
37 99 15
48 99 12
50 99 3
58 99 5
59 99 1
78 99 8
79 99 5
85 99 27
86 99 1
89 99 12
91 99 2
20 100 3
99 100 23
2 101 1
3 101 1
7 101 1
8 101 3
12 101 1
21 101 1
23 101 1
24 101 1
30 101 2
38 101 1
39 101 7
41 101 1
46 101 1
49 101 2
52 101 1
59 101 6
61 101 1
63 101 1
64 101 1
65 101 1
70 101 5
76 101 1
77 101 1
79 101 1
80 101 8
85 101 1
91 101 1
95 101 3
97 101 1
98 101 1
2 102 2
3 102 14
6 102 1
7 102 3
8 102 2
9 102 3
12 102 1
13 102 2
14 102 1
19 102 1
21 102 4
23 102 11
24 102 1
26 102 1
29 102 1
38 102 2
40 102 1
41 102 1
46 102 1
48 102 1
51 102 1
52 102 4
56 102 1
59 102 2
60 102 1
61 102 2
63 102 2
64 102 2
65 102 1
72 102 1
75 102 1
76 102 1
77 102 1
78 102 1
80 102 2
85 102 2
88 102 1
91 102 1
93 102 1
94 102 3
95 102 2
97 102 2
98 102 1
101 102 1
19 103 2
26 103 1
37 103 18
48 103 14
54 103 6
70 103 1
83 103 5
90 103 13
5 104 5
7 104 1
8 104 1
15 104 11
21 104 1
23 104 4
25 104 160
32 104 1
43 104 74
47 104 110
54 104 5
55 104 183
57 104 6
61 104 12
73 104 31
86 104 17
90 104 4
93 104 23
100 104 4
2 105 1
3 105 1
6 105 1
7 105 1
8 105 1
9 105 1
13 105 1
14 105 3
19 105 1
21 105 1
26 105 1
29 105 1
38 105 3
40 105 1
48 105 1
51 105 1
59 105 1
60 105 1
61 105 1
63 105 1
72 105 1
75 105 1
78 105 1
80 105 1
85 105 1
88 105 1
94 105 1
95 105 1
97 105 1
102 105 1
4 106 1
18 106 4
22 106 2
34 106 5
42 106 3
82 106 1
84 106 2
1 107 12
2 107 1
3 107 1
4 107 1
6 107 11
7 107 1
8 107 2
12 107 1
21 107 1
23 107 1
24 107 1
28 107 3
29 107 19
38 107 1
39 107 1
41 107 70
46 107 1
49 107 1
51 107 33
52 107 1
59 107 2
61 107 1
62 107 34
63 107 1
64 107 1
65 107 34
70 107 2
71 107 1
75 107 1
76 107 1
77 107 1
80 107 2
84 107 2
85 107 2
91 107 1
95 107 4
97 107 30
98 107 1
101 107 1
102 107 1
1 108 22
4 108 94
5 108 1
12 108 17
15 108 22
17 108 2
18 108 3
20 108 230
23 108 8
24 108 22
25 108 2
26 108 1
32 108 2
38 108 1
41 108 18
43 108 106
44 108 55
47 108 4
51 108 17
54 108 4
55 108 4
56 108 1
57 108 45
61 108 5
63 108 5
64 108 2
73 108 15
77 108 2
84 108 2
86 108 7
90 108 2
92 108 1
93 108 11
99 108 1
104 108 43
1 109 2
4 109 17
17 109 2
18 109 47
20 109 1
32 109 4
43 109 1
44 109 8
57 109 1
84 109 18
92 109 15
93 109 1
106 109 6
108 109 3
17 110 7
27 110 10
33 110 2
36 110 5
45 110 7
53 110 10
68 110 9
69 110 2
96 110 3
1 111 6
2 111 10
3 111 1
6 111 12
7 111 1
8 111 2
9 111 2
11 111 4
13 111 1
14 111 2
19 111 1
21 111 2
23 111 1
26 111 1
29 111 1
38 111 1
40 111 1
41 111 3
48 111 1
51 111 2
56 111 2
58 111 3
59 111 1
60 111 1
61 111 1
63 111 8
64 111 1
65 111 1
66 111 1
72 111 3
74 111 10
75 111 3
78 111 5
79 111 1
80 111 1
85 111 10
86 111 6
88 111 2
93 111 1
94 111 1
95 111 1
97 111 1
102 111 1
105 111 1
1 112 7
2 112 1
6 112 16
8 112 3
17 112 27
20 112 37
27 112 19
29 112 3
33 112 134
36 112 1
39 112 3
41 112 10
44 112 2
45 112 42
46 112 1
49 112 1
51 112 5
53 112 24
58 112 1
59 112 2
61 112 1
62 112 11
63 112 1
65 112 27
68 112 9
70 112 2
71 112 5
75 112 8
76 112 3
80 112 15
85 112 1
86 112 26
95 112 12
97 112 8
101 112 7
107 112 58
110 112 1
1 113 1
4 113 1
17 113 1
18 113 11
20 113 1
22 113 1
34 113 5
42 113 3
43 113 1
44 113 4
57 113 1
92 113 1
93 113 1
106 113 9
108 113 1
109 113 28
2 114 4
5 114 396
15 114 3
25 114 13
43 114 2
47 114 239
54 114 6
55 114 408
63 114 1
72 114 1
73 114 9
75 114 1
85 114 1
86 114 18
87 114 263
90 114 6
93 114 1
104 114 24
108 114 12
1 115 4
2 115 22
3 115 2
8 115 9
11 115 6
12 115 8
15 115 1
21 115 1
23 115 23
41 115 4
43 115 5
52 115 1
55 115 1
56 115 26
57 115 3
58 115 3
61 115 3
63 115 30
72 115 1
74 115 1
77 115 103
85 115 3
93 115 6
1 116 33
4 116 130
8 116 4
12 116 21
17 116 9
18 116 1
20 116 819
23 116 54
24 116 4
32 116 1
33 116 2
38 116 1
41 116 18
43 116 24
44 116 90
45 116 5
46 116 1
51 116 17
52 116 3
56 116 3
57 116 108
61 116 43
63 116 49
64 116 2
76 116 3
77 116 1
92 116 1
93 116 3
104 116 3
108 116 216
109 116 1
112 116 2
113 116 1
115 116 1
1 117 30
2 117 19
8 117 7
11 117 7
19 117 2
21 117 2
23 117 9
26 117 2
37 117 6
38 117 2
39 117 1
41 117 11
43 117 4
54 117 4
56 117 4
58 117 6
59 117 2
61 117 5
63 117 20
66 117 14
71 117 4
72 117 4
74 117 11
75 117 4
78 117 7
79 117 4
83 117 5
85 117 34
93 117 9
103 117 4
111 117 6
112 117 1
115 117 7
1 118 1
3 118 1
4 118 1
8 118 7
12 118 8
17 118 1
20 118 1
23 118 13
24 118 5
33 118 1
41 118 1
43 118 3
44 118 1
45 118 1
46 118 2
52 118 2
56 118 6
57 118 15
61 118 5
63 118 8
64 118 10
76 118 3
77 118 4
108 118 2
115 118 5
116 118 2
22 119 104
42 119 106
67 119 99
81 119 18
82 119 9
106 119 1
1 120 7
2 120 1
3 120 1
4 120 1
6 120 10
7 120 1
8 120 1
12 120 1
21 120 1
23 120 1
24 120 1
29 120 19
38 120 1
41 120 39
46 120 1
51 120 38
52 120 1
59 120 10
61 120 1
62 120 34
63 120 1
64 120 1
65 120 38
75 120 1
76 120 1
77 120 1
80 120 2
84 120 1
85 120 2
91 120 1
95 120 2
97 120 36
98 120 1
101 120 1
102 120 1
107 120 26
112 120 1
22 121 104
42 121 106
67 121 97
81 121 17
82 121 8
106 121 5
113 121 2
119 121 107
1 122 11
6 122 2
29 122 13
41 122 14
51 122 7
62 122 14
65 122 13
71 122 2
97 122 7
107 122 6
112 122 4
120 122 1
6 123 1
8 123 1
30 123 1
39 123 1
71 123 1
86 123 7
90 123 19
97 123 6
112 123 1
1 125 39
2 125 2
4 125 135
8 125 2
12 125 18
17 125 10
18 125 3
20 125 763
21 125 1
23 125 30
32 125 2
33 125 2
38 125 2
41 125 19
43 125 25
44 125 167
45 125 5
51 125 17
56 125 3
57 125 84
61 125 13
63 125 17
64 125 1
73 125 1
74 125 2
79 125 1
84 125 1
85 125 3
92 125 1
93 125 6
104 125 4
108 125 240
109 125 2
112 125 2
113 125 1
116 125 555
117 125 2
118 125 1
2 126 1
3 126 1
6 126 1
7 126 4
8 126 1
9 126 2
13 126 3
14 126 1
19 126 1
21 126 2
26 126 1
29 126 1
38 126 1
40 126 1
48 126 1
51 126 1
59 126 1
60 126 1
61 126 1
63 126 1
72 126 1
75 126 1
78 126 1
80 126 1
85 126 1
88 126 1
94 126 1
95 126 1
97 126 1
102 126 2
105 126 1
111 126 1
2 127 1
3 127 2
4 127 2
7 127 1
8 127 1
12 127 1
20 127 2
21 127 1
23 127 2
24 127 1
38 127 1
41 127 1
44 127 4
46 127 1
52 127 1
59 127 1
61 127 2
63 127 2
64 127 1
65 127 1
76 127 1
77 127 1
80 127 1
85 127 1
91 127 1
95 127 1
97 127 1
98 127 1
101 127 1
102 127 1
107 127 1
116 127 2
118 127 1
120 127 1
125 127 1
1 128 1
2 128 5
3 128 1
6 128 1
7 128 1
8 128 2
9 128 3
13 128 1
14 128 2
19 128 2
21 128 2
26 128 1
28 128 7
29 128 1
37 128 2
38 128 1
40 128 2
41 128 2
48 128 3
51 128 5
59 128 1
60 128 1
61 128 11
62 128 1
63 128 3
70 128 7
72 128 2
74 128 1
75 128 1
78 128 2
79 128 2
80 128 1
85 128 3
88 128 1
90 128 1
91 128 2
93 128 1
94 128 1
95 128 10
97 128 1
102 128 1
103 128 2
105 128 1
111 128 2
117 128 8
120 128 1
126 128 1
1 129 18
2 129 17
7 129 1
8 129 4
9 129 1
11 129 5
14 129 1
20 129 1
21 129 3
23 129 3
28 129 1
38 129 4
41 129 9
43 129 1
51 129 1
55 129 1
56 129 4
57 129 1
58 129 4
60 129 3
61 129 4
62 129 1
63 129 11
66 129 3
72 129 4
74 129 9
75 129 5
78 129 7
79 129 2
85 129 14
93 129 8
94 129 1
108 129 1
111 129 5
115 129 10
116 129 1
117 129 18
125 129 2
128 129 1
1 130 4
2 130 5
3 130 4
4 130 20
7 130 1
8 130 3
12 130 2
17 130 2
18 130 21
20 130 2
21 130 10
23 130 3
24 130 1
32 130 5
38 130 3
41 130 8
42 130 1
43 130 2
44 130 5
46 130 1
51 130 1
52 130 1
55 130 8
56 130 1
57 130 2
59 130 1
61 130 5
63 130 3
64 130 1
65 130 1
74 130 1
76 130 1
77 130 1
79 130 1
80 130 1
84 130 23
85 130 5
91 130 1
92 130 14
93 130 4
95 130 1
97 130 1
98 130 1
101 130 1
102 130 1
106 130 2
107 130 1
108 130 4
109 130 19
113 130 1
116 130 2
117 130 1
120 130 1
125 130 4
127 130 2
129 130 2
4 131 15
18 131 18
22 131 98
32 131 2
34 131 2
42 131 124
67 131 96
81 131 17
82 131 3
84 131 16
92 131 15
106 131 3
109 131 21
113 131 23
119 131 99
121 131 102
127 131 4
130 131 14
1 132 1
2 132 1
3 132 2
5 132 195
8 132 1
12 132 1
15 132 7
25 132 71
43 132 62
47 132 81
54 132 10
55 132 505
58 132 2
61 132 59
63 132 1
73 132 4
77 132 1
83 132 1
86 132 8
87 132 92
90 132 4
95 132 1
104 132 87
108 132 25
114 132 428
118 132 1
1 133 21
6 133 4
29 133 18
41 133 31
51 133 14
57 133 1
62 133 34
65 133 18
70 133 3
71 133 1
80 133 3
97 133 7
98 133 1
99 133 2
107 133 12
112 133 5
120 133 1
122 133 14
2 134 1
3 134 1
6 134 1
7 134 1
8 134 1
9 134 1
13 134 2
14 134 1
19 134 1
21 134 1
26 134 1
28 134 3
29 134 1
38 134 1
40 134 1
48 134 1
51 134 1
59 134 1
60 134 1
61 134 1
63 134 1
72 134 1
75 134 1
78 134 1
80 134 1
85 134 1
88 134 1
94 134 1
95 134 1
97 134 1
102 134 2
105 134 1
111 134 1
126 134 2
128 134 1
11 135 4
19 135 1
37 135 142
48 135 60
50 135 6
58 135 5
78 135 7
79 135 6
85 135 12
89 135 4
91 135 2
99 135 11
103 135 14
1 136 5
2 136 9
3 136 4
4 136 2
5 136 1
6 136 9
7 136 1
8 136 7
9 136 3
12 136 5
17 136 4
20 136 62
21 136 4
23 136 13
24 136 1
28 136 7
29 136 16
33 136 4
38 136 1
39 136 1
40 136 1
41 136 62
45 136 6
46 136 1
47 136 1
51 136 31
52 136 1
54 136 9
55 136 1
59 136 1
61 136 24
62 136 30
63 136 18
64 136 1
65 136 30
71 136 5
72 136 1
75 136 1
76 136 1
77 136 1
78 136 1
79 136 2
80 136 2
83 136 1
84 136 1
85 136 12
86 136 70
91 136 2
93 136 1
95 136 2
97 136 31
98 136 1
101 136 1
102 136 1
107 136 23
114 136 1
116 136 7
117 136 2
118 136 1
120 136 30
123 136 5
125 136 2
127 136 1
128 136 1
130 136 4
132 136 1
133 136 1
1 137 1
2 137 36
4 137 3
6 137 1
17 137 1
18 137 2
20 137 1
29 137 1
32 137 3
41 137 3
42 137 2
43 137 1
44 137 4
51 137 1
54 137 38
57 137 1
62 137 4
65 137 1
71 137 8
75 137 1
80 137 1
84 137 2
85 137 1
86 137 14
87 137 1
90 137 19
92 137 1
93 137 1
95 137 1
97 137 1
107 137 1
108 137 1
109 137 2
111 137 6
113 137 1
114 137 13
116 137 1
120 137 1
125 137 1
130 137 3
131 137 1
136 137 17
13 138 7
17 138 10
20 138 1
27 138 109
33 138 7
36 138 20
45 138 161
46 138 7
52 138 1
53 138 23
56 138 8
68 138 127
69 138 37
76 138 7
77 138 1
96 138 40
110 138 21
40 139 2
56 139 4
85 139 1
120 139 1
137 139 1
1 140 6
2 140 16
3 140 2
4 140 1
7 140 1
8 140 16
12 140 17
20 140 24
21 140 1
23 140 53
24 140 7
26 140 2
38 140 1
41 140 3
43 140 14
44 140 2
46 140 3
52 140 8
56 140 20
57 140 14
58 140 1
59 140 1
61 140 72
63 140 90
64 140 11
65 140 1
76 140 5
77 140 18
80 140 1
85 140 3
91 140 1
93 140 6
95 140 1
97 140 1
98 140 1
101 140 1
102 140 1
104 140 4
107 140 1
108 140 11
111 140 3
115 140 9
116 140 30
117 140 1
118 140 11
120 140 1
125 140 12
127 140 1
129 140 5
130 140 1
136 140 2
6 141 2
8 141 21
30 141 3
39 141 3
49 141 3
59 141 4
70 141 3
93 141 4
95 141 1
97 141 1
101 141 3
104 141 2
107 141 1
112 141 1
123 141 1
131 141 2
139 141 2
1 142 1
2 142 3
3 142 3
7 142 1
8 142 1
12 142 2
21 142 3
23 142 1
24 142 1
33 142 1
38 142 1
39 142 1
41 142 6
46 142 1
52 142 1
59 142 3
61 142 3
63 142 1
64 142 1
65 142 1
71 142 14
76 142 1
77 142 2
80 142 1
85 142 3
86 142 93
90 142 12
91 142 1
95 142 1
97 142 3
98 142 1
101 142 1
102 142 1
107 142 1
118 142 1
120 142 1
123 142 20
127 142 1
130 142 3
132 142 1
136 142 90
137 142 3
140 142 1
5 143 1
8 143 3
25 143 3
26 143 1
30 143 2
39 143 2
49 143 2
54 143 8
55 143 4
59 143 2
70 143 3
83 143 1
86 143 1
90 143 26
101 143 2
103 143 1
114 143 16
117 143 1
128 143 1
137 143 16
141 143 2
1 144 1
4 144 1
17 144 1
18 144 5
20 144 1
22 144 106
34 144 3
38 144 1
42 144 107
43 144 1
44 144 2
57 144 1
67 144 100
73 144 16
81 144 20
82 144 12
84 144 1
92 144 1
93 144 2
106 144 5
108 144 2
109 144 8
113 144 16
116 144 1
119 144 109
121 144 113
125 144 2
127 144 7
130 144 2
131 144 189
137 144 1
2 145 1
3 145 1
4 145 1
6 145 16
7 145 1
8 145 4
12 145 1
19 145 1
21 145 1
23 145 1
24 145 1
29 145 20
30 145 2
38 145 1
39 145 55
41 145 36
46 145 1
49 145 2
51 145 31
52 145 1
59 145 6
61 145 1
62 145 33
63 145 1
64 145 1
65 145 42
70 145 21
75 145 1
76 145 1
77 145 1
80 145 7
84 145 1
85 145 2
91 145 1
95 145 3
97 145 31
98 145 1
101 145 4
102 145 1
107 145 23
120 145 33
127 145 1
130 145 1
133 145 3
136 145 30
137 145 1
140 145 1
141 145 2
142 145 1
143 145 2
27 146 39
36 146 2
45 146 31
53 146 2
68 146 77
69 146 4
77 146 1
96 146 8
110 146 3
138 146 99
1 147 2
2 147 44
3 147 5
6 147 1
7 147 2
8 147 8
9 147 1
12 147 5
13 147 1
14 147 1
17 147 1
19 147 1
21 147 4
23 147 1
24 147 1
26 147 1
29 147 1
33 147 1
38 147 2
40 147 14
41 147 3
45 147 1
46 147 1
48 147 1
51 147 1
52 147 1
55 147 24
56 147 2
59 147 2
60 147 1
61 147 45
63 147 19
64 147 1
65 147 1
72 147 8
75 147 17
76 147 1
77 147 2
78 147 1
80 147 20
85 147 4
88 147 1
91 147 1
93 147 2
94 147 1
95 147 11
97 147 2
98 147 1
101 147 1
102 147 2
105 147 1
107 147 1
111 147 4
115 147 4
118 147 1
120 147 1
126 147 1
127 147 1
128 147 1
130 147 3
132 147 19
134 147 1
136 147 4
140 147 11
142 147 3
145 147 1
1 148 2
2 148 9
3 148 3
7 148 1
8 148 6
9 148 1
12 148 4
14 148 1
21 148 9
23 148 3
24 148 1
28 148 18
38 148 3
41 148 10
43 148 1
46 148 1
52 148 1
55 148 6
59 148 1
61 148 9
63 148 14
64 148 1
65 148 1
74 148 2
76 148 1
77 148 1
79 148 4
80 148 1
85 148 10
91 148 1
93 148 5
95 148 1
97 148 1
98 148 23
101 148 1
102 148 1
104 148 1
107 148 1
115 148 1
117 148 2
120 148 1
125 148 1
127 148 1
129 148 2
130 148 10
136 148 8
140 148 3
142 148 3
145 148 1
147 148 3
